100 470 0 99
0 1 10 1
1 2 11 2
2 3 12 3
3 4 13 4
4 5 14 5
5 6 15 6
6 7 16 7
7 8 17 1
8 9 18 2
9 10 19 3
10 11 20 4
11 12 10 5
12 13 11 6
13 14 12 7
14 15 13 1
15 16 14 2
16 17 15 3
17 18 16 4
18 19 17 5
19 20 18 6
20 21 19 7
21 22 20 1
22 23 10 2
23 24 11 3
24 25 12 4
25 26 13 5
26 27 14 6
27 28 15 7
28 29 16 1
29 30 17 2
30 31 18 3
31 32 19 4
32 33 20 5
33 34 10 6
34 35 11 7
35 36 12 1
36 37 13 2
37 38 14 3
38 39 15 4
39 40 16 5
40 41 17 6
41 42 18 7
42 43 19 1
43 44 20 2
44 45 10 3
45 46 11 4
46 47 12 5
47 48 13 6
48 49 14 7
49 50 15 1
50 51 16 2
51 52 17 3
52 53 18 4
53 54 19 5
54 55 20 6
55 56 10 7
56 57 11 1
57 58 12 2
58 59 13 3
59 60 14 4
60 61 15 5
61 62 16 6
62 63 17 7
63 64 18 1
64 65 19 2
65 66 20 3
66 67 10 4
67 68 11 5
68 69 12 6
69 70 13 7
70 71 14 1
71 72 15 2
72 73 16 3
73 74 17 4
74 75 18 5
75 76 19 6
76 77 20 7
77 78 10 1
78 79 11 2
79 80 12 3
80 81 13 4
81 82 14 5
82 83 15 6
83 84 16 7
84 85 17 1
85 86 18 2
86 87 19 3
87 88 20 4
88 89 10 5
89 90 11 6
90 91 12 7
91 92 13 1
92 93 14 2
93 94 15 3
94 95 16 4
95 96 17 5
96 97 18 6
97 98 19 7
98 99 20 1
0 2 8 2
1 3 9 3
2 4 10 4
3 5 11 5
4 6 12 6
5 7 13 2
6 8 14 3
7 9 15 4
8 10 16 5
9 11 17 6
10 12 18 2
11 13 19 3
12 14 20 4
13 15 8 5
14 16 9 6
15 17 10 2
16 18 11 3
17 19 12 4
18 20 13 5
19 21 14 6
20 22 15 2
21 23 16 3
22 24 17 4
23 25 18 5
24 26 19 6
25 27 20 2
26 28 8 3
27 29 9 4
28 30 10 5
29 31 11 6
30 32 12 2
31 33 13 3
32 34 14 4
33 35 15 5
34 36 16 6
35 37 17 2
36 38 18 3
37 39 19 4
38 40 20 5
39 41 8 6
40 42 9 2
41 43 10 3
42 44 11 4
43 45 12 5
44 46 13 6
45 47 14 2
46 48 15 3
47 49 16 4
48 50 17 5
49 51 18 6
50 52 19 2
51 53 20 3
52 54 8 4
53 55 9 5
54 56 10 6
55 57 11 2
56 58 12 3
57 59 13 4
58 60 14 5
59 61 15 6
60 62 16 2
61 63 17 3
62 64 18 4
63 65 19 5
64 66 20 6
65 67 8 2
66 68 9 3
67 69 10 4
68 70 11 5
69 71 12 6
70 72 13 2
71 73 14 3
72 74 15 4
73 75 16 5
74 76 17 6
75 77 18 2
76 78 19 3
77 79 20 4
78 80 8 5
79 81 9 6
80 82 10 2
81 83 11 3
82 84 12 4
83 85 13 5
84 86 14 6
85 87 15 2
86 88 16 3
87 89 17 4
88 90 18 5
89 91 19 6
90 92 20 2
91 93 8 3
92 94 9 4
93 95 10 5
94 96 11 6
95 97 12 2
96 98 13 3
97 99 14 4
0 5 11 6
0 9 15 1
0 13 19 5
1 6 12 8
1 10 16 3
1 14 20 7
2 7 13 1
2 11 17 5
2 15 21 9
3 8 14 3
3 12 18 7
3 16 22 2
4 9 15 5
4 13 19 9
4 17 6 4
5 10 16 7
5 14 20 2
5 18 7 6
6 11 17 9
6 15 21 4
6 19 8 8
7 12 18 2
7 16 22 6
7 20 9 1
8 13 19 4
8 17 6 8
8 21 10 3
9 14 20 6
9 18 7 1
9 22 11 5
10 15 21 8
10 19 8 3
10 23 12 7
11 16 22 1
11 20 9 5
11 24 13 9
12 17 6 3
12 21 10 7
12 25 14 2
13 18 7 5
13 22 11 9
13 26 15 4
14 19 8 7
14 23 12 2
14 27 16 6
15 20 9 9
15 24 13 4
15 28 17 8
16 21 10 2
16 25 14 6
16 29 18 1
17 22 11 4
17 26 15 8
17 30 19 3
18 23 12 6
18 27 16 1
18 31 20 5
19 24 13 8
19 28 17 3
19 32 21 7
20 25 14 1
20 29 18 5
20 33 22 9
21 26 15 3
21 30 19 7
21 34 6 2
22 27 16 5
22 31 20 9
22 35 7 4
23 28 17 7
23 32 21 2
23 36 8 6
24 29 18 9
24 33 22 4
24 37 9 8
25 30 19 2
25 34 6 6
25 38 10 1
26 31 20 4
26 35 7 8
26 39 11 3
27 32 21 6
27 36 8 1
27 40 12 5
28 33 22 8
28 37 9 3
28 41 13 7
29 34 6 1
29 38 10 5
29 42 14 9
30 35 7 3
30 39 11 7
30 43 15 2
31 36 8 5
31 40 12 9
31 44 16 4
32 37 9 7
32 41 13 2
32 45 17 6
33 38 10 9
33 42 14 4
33 46 18 8
34 39 11 2
34 43 15 6
34 47 19 1
35 40 12 4
35 44 16 8
35 48 20 3
36 41 13 6
36 45 17 1
36 49 21 5
37 42 14 8
37 46 18 3
37 50 22 7
38 43 15 1
38 47 19 5
38 51 6 9
39 44 16 3
39 48 20 7
39 52 7 2
40 45 17 5
40 49 21 9
40 53 8 4
41 46 18 7
41 50 22 2
41 54 9 6
42 47 19 9
42 51 6 4
42 55 10 8
43 48 20 2
43 52 7 6
43 56 11 1
44 49 21 4
44 53 8 8
44 57 12 3
45 50 22 6
45 54 9 1
45 58 13 5
46 51 6 8
46 55 10 3
46 59 14 7
47 52 7 1
47 56 11 5
47 60 15 9
48 53 8 3
48 57 12 7
48 61 16 2
49 54 9 5
49 58 13 9
49 62 17 4
50 55 10 7
50 59 14 2
50 63 18 6
51 56 11 9
51 60 15 4
51 64 19 8
52 57 12 2
52 61 16 6
52 65 20 1
53 58 13 4
53 62 17 8
53 66 21 3
54 59 14 6
54 63 18 1
54 67 22 5
55 60 15 8
55 64 19 3
55 68 6 7
56 61 16 1
56 65 20 5
56 69 7 9
57 62 17 3
57 66 21 7
57 70 8 2
58 63 18 5
58 67 22 9
58 71 9 4
59 64 19 7
59 68 6 2
59 72 10 6
60 65 20 9
60 69 7 4
60 73 11 8
61 66 21 2
61 70 8 6
61 74 12 1
62 67 22 4
62 71 9 8
62 75 13 3
63 68 6 6
63 72 10 1
63 76 14 5
64 69 7 8
64 73 11 3
64 77 15 7
65 70 8 1
65 74 12 5
65 78 16 9
66 71 9 3
66 75 13 7
66 79 17 2
67 72 10 5
67 76 14 9
67 80 18 4
68 73 11 7
68 77 15 2
68 81 19 6
69 74 12 9
69 78 16 4
69 82 20 8
70 75 13 2
70 79 17 6
70 83 21 1
71 76 14 4
71 80 18 8
71 84 22 3
72 77 15 6
72 81 19 1
72 85 6 5
73 78 16 8
73 82 20 3
73 86 7 7
74 79 17 1
74 83 21 5
74 87 8 9
75 80 18 3
75 84 22 7
75 88 9 2
76 81 19 5
76 85 6 9
76 89 10 4
77 82 20 7
77 86 7 2
77 90 11 6
78 83 21 9
78 87 8 4
78 91 12 8
79 84 22 2
79 88 9 6
79 92 13 1
80 85 6 4
80 89 10 8
80 93 14 3
81 86 7 6
81 90 11 1
81 94 15 5
82 87 8 8
82 91 12 3
82 95 16 7
83 88 9 1
83 92 13 5
83 96 17 9
84 89 10 3
84 93 14 7
84 97 18 2
85 90 11 5
85 94 15 9
85 98 19 4
86 91 12 7
86 95 16 2
86 99 20 6
87 92 13 9
87 96 17 4
88 93 14 2
88 97 18 6
89 94 15 4
89 98 19 8
90 95 16 6
90 99 20 1
91 96 17 8
92 97 18 1
93 98 19 3
94 99 20 5
